name: myenv
channels:
  - msys2
  - defaults
dependencies:
  - ca-certificates=2024.7.2=haa95532_0
  - libffi=3.4.4=hd77b12b_1
  - m2-base=1.0.0=3
  - m2-bash=4.3.042=5
  - m2-bash-completion=2.3=2
  - m2-catgets=1.1=3
  - m2-coreutils=8.25=102
  - m2-dash=0.5.8=2
  - m2-file=5.25=2
  - m2-filesystem=2016.04=4
  - m2-findutils=4.6.0=2
  - m2-gawk=4.1.3=2
  - m2-gcc-libs=5.3.0=4
  - m2-gettext=0.19.7=4
  - m2-gmp=6.1.0=3
  - m2-grep=2.22=4
  - m2-gzip=1.7=2
  - m2-inetutils=1.9.2=2
  - m2-info=6.0=2
  - m2-less=481=2
  - m2-libasprintf=0.19.7=4
  - m2-libcatgets=1.1=3
  - m2-libcrypt=1.3=2
  - m2-libgettextpo=0.19.7=4
  - m2-libiconv=1.14=3
  - m2-libintl=0.19.7=4
  - m2-liblzma=5.2.2=2
  - m2-libpcre=8.38=2
  - m2-libreadline=6.3.008=8
  - m2-libutil-linux=2.26.2=2
  - m2-libxml2=2.9.2=3
  - m2-make=4.1=5
  - m2-mintty=1!2.2.3=2
  - m2-mpfr=3.1.4=2
  - m2-msys2-launcher-git=0.3.28.860c495=2
  - m2-msys2-runtime=2.5.0.17080.65c939c=3
  - m2-ncurses=6.0.20160220=2
  - m2-sed=4.2.2=3
  - m2-tftp-hpa=5.2=2
  - m2-time=1.7=2
  - m2-ttyrec=1.0.8=2
  - m2-tzcode=2015.e=2
  - m2-util-linux=2.26.2=2
  - m2-which=2.21=3
  - m2-zlib=1.2.8=4
  - msys2-conda-epoch=20160418=1
  - openssl=3.0.14=h827c3e9_0
  - pip=24.0=py38haa95532_0
  - python=3.8.19=h1aa4202_0
  - setuptools=69.5.1=py38haa95532_0
  - sqlite=3.45.3=h2bbff1b_0
  - vc=14.2=h2eaa2aa_4
  - vs2015_runtime=14.29.30133=h43f2093_4
  - wheel=0.43.0=py38haa95532_0
  - pip:
      - cocotb==1.9.0
      - cocotb-bus==0.2.1
      - cocotb-test==0.2.5
      - cocotbext-axi==0.1.24
      - cocotbext-eth==0.1.22
      - colorama==0.4.6
      - exceptiongroup==1.2.2
      - find-libpython==0.4.0
      - iniconfig==2.0.0
      - numpy==1.24.4
      - packaging==24.1
      - pluggy==1.5.0
      - pytest==8.3.2
      - python-graphviz==0.20.3
      - scapy==2.6.0
      - scipy==1.10.1
      - tomli==2.0.1
prefix: E:\Conda\envs\myenv
